      0/49     2.26G   0.07275   0.01259         0   0.08534        28       640     0.823     0.236    0.6998    0.2656   0.02956   0.01311         0
      1/49     2.68G   0.04554  0.009019         0   0.05456        18       640    0.7191    0.8944    0.8733    0.4495   0.02955  0.007945         0
      2/49     2.68G    0.0411  0.006415         0   0.04752        12       640    0.7967    0.8826    0.8998    0.4849   0.02791  0.005986         0
      3/49     2.68G   0.03634  0.005215         0   0.04155        13       640    0.4937    0.9398    0.9033     0.535   0.02228  0.005342         0
      4/49     2.68G   0.03174  0.004595         0   0.03633        22       640    0.6885    0.9599    0.9394    0.6039   0.02119    0.0043         0
      5/49     2.68G   0.02941  0.004222         0   0.03363        13       640    0.7299    0.9569    0.9429    0.6269   0.01906  0.004117         0
      6/49     2.68G   0.02669  0.003822         0   0.03051        20       640    0.5946    0.9522    0.9283    0.5973   0.01784  0.003818         0
      7/49     2.68G   0.02556  0.003608         0   0.02916        23       640    0.6585    0.9853    0.9578    0.6397   0.01798  0.003464         0
      8/49     2.68G   0.02466  0.003427         0   0.02808        27       640    0.6453    0.9864    0.9506    0.6521   0.01703  0.003591         0
      9/49     2.68G   0.02377  0.003377         0   0.02715        19       640    0.6652    0.9794    0.9527    0.6292   0.01739  0.003695         0
     10/49     2.68G   0.02336  0.003279         0   0.02664        21       640    0.6059    0.9758    0.9453     0.643   0.01708  0.004221         0
     11/49     2.68G   0.02308  0.003205         0   0.02628        15       640     0.676    0.9876    0.9642    0.6646   0.01751  0.003522         0
     12/49     2.68G   0.02216   0.00309         0   0.02525        23       640    0.6612     0.987    0.9558     0.673   0.01551  0.003383         0
     13/49     2.68G   0.02139  0.003003         0   0.02439        19       640    0.7262    0.9782    0.9557    0.6734   0.01555  0.003296         0
     14/49     2.68G   0.02112  0.002934         0   0.02406        35       640    0.6837    0.9888    0.9659    0.6971   0.01539  0.003025         0
     15/49     2.68G   0.02053   0.00286         0   0.02339        13       640     0.674    0.9912    0.9697    0.6974   0.01497  0.003249         0
     16/49     2.68G   0.02012  0.002872         0     0.023        29       640    0.7222    0.9788    0.9602    0.6918    0.0148  0.003094         0
     17/49     2.68G   0.01994  0.002835         0   0.02278        21       640    0.7646    0.9864    0.9594     0.686   0.01545  0.003156         0
     18/49     2.68G   0.01974  0.002835         0   0.02257        28       640    0.7451    0.9847    0.9639    0.6918   0.01449  0.003203         0
     19/49     2.68G   0.01919  0.002726         0   0.02192        16       640    0.6783    0.9805    0.9561    0.6938   0.01424  0.003316         0
     20/49     2.68G   0.01901  0.002732         0   0.02174        17       640     0.722    0.9799    0.9615    0.6974   0.01492  0.003261         0
     21/49     2.68G   0.01843  0.002628         0   0.02105        21       640    0.7503    0.9823    0.9607     0.702   0.01441  0.003272         0
     22/49     2.68G   0.01813  0.002613         0   0.02075        24       640    0.6736    0.9888    0.9652    0.7042   0.01428  0.003072         0
     23/49     2.68G   0.01818  0.002585         0   0.02076        14       640    0.7443     0.987    0.9667    0.7195   0.01315  0.002887         0
     24/49     2.68G   0.01759  0.002583         0   0.02017        20       640    0.7198     0.987    0.9722    0.7068   0.01378  0.002852         0
     25/49     2.68G   0.01744  0.002531         0   0.01997        23       640    0.7286    0.9823     0.965    0.7112   0.01364  0.002973         0
     26/49     2.68G   0.01684  0.002468         0   0.01931        11       640    0.7541    0.9817    0.9615    0.7222   0.01337  0.002909         0
     27/49     2.68G   0.01683  0.002482         0   0.01931        14       640     0.743    0.9853    0.9725    0.7181   0.01394   0.00313         0
     28/49     2.68G   0.01681   0.00246         0   0.01927        15       640    0.7507    0.9841    0.9612    0.7181    0.0131  0.002781         0
     29/49     2.68G    0.0164  0.002438         0   0.01884        19       640    0.7517    0.9847    0.9706    0.7202    0.0136  0.002732         0
     30/49     2.68G   0.01609  0.002388         0   0.01848        20       640    0.7542    0.9723    0.9652    0.7054   0.01373  0.002959         0
     31/49     2.68G   0.01613  0.002388         0   0.01852        12       640    0.7499    0.9823    0.9699     0.724   0.01332  0.002926         0
     32/49     2.68G   0.01567  0.002354         0   0.01803        19       640    0.7876    0.9829    0.9708    0.7359   0.01269  0.002681         0
     33/49     2.68G   0.01574  0.002334         0   0.01808        19       640    0.7536    0.9864    0.9742      0.73   0.01303  0.002987         0
     34/49     2.68G   0.01542  0.002324         0   0.01774        15       640    0.7565    0.9847    0.9707    0.7329   0.01264  0.002636         0
     35/49     2.68G   0.01502  0.002282         0    0.0173        24       640    0.7643    0.9799    0.9612    0.7308   0.01287  0.002641         0
     36/49     2.68G   0.01506  0.002221         0   0.01728        24       640    0.7717    0.9746    0.9606    0.7248   0.01313  0.002808         0
     37/49     2.68G   0.01499  0.002262         0   0.01725        24       640    0.7603    0.9805    0.9669    0.7401   0.01234  0.002767         0
     38/49     2.68G   0.01491  0.002212         0   0.01712        15       640    0.7699    0.9764     0.963    0.7341   0.01262  0.002846         0
     39/49     2.68G    0.0146  0.002215         0   0.01681        11       640    0.7756    0.9729    0.9581     0.726   0.01295  0.002841         0
     40/49     2.68G   0.01472  0.002195         0   0.01692        10       640    0.7789     0.977    0.9613    0.7329   0.01273  0.002814         0
     41/49     2.68G   0.01448  0.002186         0   0.01667        21       640    0.7851    0.9787    0.9644    0.7357   0.01273  0.002957         0
     42/49     2.68G   0.01425  0.002188         0   0.01644        22       640    0.7705    0.9829    0.9646    0.7353   0.01275  0.002666         0
     43/49     2.68G   0.01436  0.002162         0   0.01653        18       640    0.7844    0.9823    0.9671    0.7344   0.01241  0.002847         0
     44/49     2.68G   0.01405  0.002113         0   0.01617        15       640    0.7729    0.9799    0.9627    0.7368    0.0125  0.002802         0
     45/49     2.68G   0.01431  0.002161         0   0.01647        17       640    0.7838    0.9799    0.9604    0.7299   0.01277  0.002799         0
     46/49     2.68G   0.01402  0.002129         0   0.01615        30       640    0.7789    0.9782    0.9622    0.7337    0.0125  0.002685         0
     47/49     2.68G   0.01375  0.002121         0   0.01587        26       640    0.7863    0.9706    0.9621    0.7349   0.01261  0.002889         0
     48/49     2.68G   0.01376  0.002098         0   0.01586        21       640    0.7765    0.9716    0.9584    0.7344   0.01249  0.002716         0
     49/49     2.68G   0.01368  0.002101         0   0.01578        19       640    0.7838    0.9776    0.9603    0.7385   0.01229  0.002729         0
