      0/24     2.71G    0.0721   0.01119         0   0.08329        17       640    0.6586    0.7511    0.7305    0.3282   0.02797   0.01101         0
      1/24     2.65G   0.04265  0.008104         0   0.05076        20       640    0.7486    0.9121    0.8814    0.4837    0.0263  0.008278         0
      2/24     2.65G   0.03954  0.006189         0   0.04572        26       640      0.79    0.9133    0.9237    0.4684   0.02305   0.00621         0
      3/24     2.65G   0.03424  0.005123         0   0.03936        17       640    0.7192    0.9617    0.9319    0.5573   0.02063  0.005024         0
      4/24     2.65G   0.02996  0.004377         0   0.03434        28       640    0.7695    0.9476    0.9424    0.6019   0.01961  0.004646         0
      5/24     2.65G   0.02705  0.003958         0   0.03101        32       640      0.63    0.9504    0.9176    0.6229   0.01775  0.004052         0
      6/24     2.65G   0.02516  0.003699         0   0.02886        23       640    0.7507    0.9736    0.9507    0.6306   0.01653  0.003818         0
      7/24     2.65G   0.02302  0.003419         0   0.02644        20       640    0.7057    0.9723     0.954    0.6586    0.0155  0.003923         0
      8/24     2.65G   0.02207  0.003209         0   0.02528        12       640    0.7411    0.9628    0.9439    0.6735    0.0151  0.003557         0
      9/24     2.65G   0.02081  0.003094         0    0.0239        25       640    0.6775     0.967    0.9477    0.6744   0.01446  0.003652         0
     10/24     2.66G   0.01994  0.003022         0   0.02296        25       640    0.7378    0.9646    0.9519    0.6914   0.01441  0.003426         0
     11/24     2.66G   0.01923  0.002857         0   0.02209        20       640    0.6984    0.9894    0.9679    0.7211   0.01386  0.003339         0
     12/24     2.66G   0.01837  0.002709         0   0.02108        12       640    0.6761    0.9864    0.9558    0.6928    0.0136  0.003341         0
     13/24     2.66G   0.01764  0.002685         0   0.02032        28       640    0.7421    0.9746     0.954    0.7118    0.0128  0.003078         0
     14/24     2.66G   0.01706   0.00261         0   0.01967        19       640    0.7462    0.9664    0.9541    0.7057   0.01296   0.00316         0
     15/24     2.66G    0.0164    0.0025         0    0.0189        36       640    0.7121    0.9758    0.9542    0.7102   0.01263  0.003016         0
     16/24     2.66G     0.016  0.002484         0   0.01849        20       640    0.7433    0.9858    0.9695    0.7176   0.01244  0.002922         0
     17/24     2.66G   0.01514  0.002383         0   0.01753        29       640    0.7657    0.9835     0.964    0.7223   0.01231  0.002856         0
     18/24     2.66G   0.01522  0.002411         0   0.01763        24       640    0.7603    0.9694    0.9593    0.7285   0.01197  0.002986         0
     19/24     2.66G   0.01467   0.00232         0   0.01699        12       640    0.7649    0.9735    0.9652    0.7381   0.01162   0.00279         0
     20/44     2.71G   0.02228  0.002904         0   0.02518        17       640    0.7345    0.9729    0.9585    0.6039    0.0173  0.003082         0
     21/44     2.72G   0.01735  0.002587         0   0.01994        20       640    0.6889    0.9629    0.9534    0.7023   0.01322  0.003016         0
     22/44     2.72G   0.01711  0.002496         0    0.0196        26       640     0.734    0.9723    0.9632    0.7029    0.0137  0.002906         0
     23/44     2.72G    0.0167  0.002484         0   0.01919        17       640    0.6937    0.9782    0.9535     0.695   0.01377  0.002884         0
     24/44     2.72G   0.01657  0.002498         0   0.01907        28       640    0.7176    0.9776    0.9608     0.714   0.01311  0.003089         0
     25/44     2.72G    0.0158  0.002414         0   0.01822        32       640    0.7042    0.9811    0.9597    0.7017   0.01246  0.002761         0
     26/44     2.72G   0.01568   0.00239         0   0.01807        23       640    0.7211    0.9811    0.9594    0.7284   0.01199  0.002901         0
     27/44     2.72G   0.01519   0.00232         0   0.01751        20       640    0.7553    0.9817    0.9638    0.7182   0.01263   0.00385         0
     28/44     2.72G   0.01491  0.002228         0   0.01713        12       640     0.714    0.9681    0.9539    0.7202   0.01252  0.002967         0
     29/44     2.72G   0.01448  0.002216         0   0.01669        25       640    0.7479    0.9664    0.9607    0.7164   0.01288  0.003165         0
     30/44     2.72G   0.01432  0.002226         0   0.01655        25       640    0.7501     0.951     0.952    0.7125   0.01276  0.003013         0
     31/44     2.72G   0.01413  0.002207         0   0.01634        20       640    0.7851    0.9528    0.9615     0.725    0.0123  0.002779         0
     32/44     2.72G   0.01377  0.002095         0   0.01587        12       640    0.7664    0.9746    0.9583    0.7341   0.01178  0.002716         0
     33/44     2.72G   0.01371  0.002151         0   0.01586        28       640    0.7851     0.964    0.9672    0.7297   0.01187  0.002689         0
     34/44     2.72G   0.01344  0.002115         0   0.01555        19       640    0.7358    0.9266    0.9521    0.7157   0.01217  0.002897         0
     35/44     2.72G   0.01332   0.00207         0   0.01539        36       640    0.7334    0.9529    0.9578    0.7206   0.01188   0.00279         0
     36/44     2.72G    0.0132  0.002077         0   0.01528        20       640    0.7717    0.9634     0.963    0.7285   0.01172  0.002744         0
     37/44     2.72G   0.01283  0.002039         0   0.01487        29       640    0.7945    0.9469     0.961      0.73   0.01149  0.002661         0
     38/44     2.72G   0.01304  0.002069         0   0.01511        24       640    0.7557    0.9622    0.9637    0.7323    0.0119  0.002783         0
     39/44     2.72G   0.01286  0.002021         0   0.01489        12       640    0.7635    0.9392    0.9561    0.7332   0.01161  0.002734         0
     40/44     2.72G   0.01291  0.002005         0   0.01491        25       640    0.7785    0.9345    0.9534    0.7209   0.01179  0.002703         0
     41/44     2.72G   0.01284  0.002048         0   0.01489        19       640     0.778    0.9286    0.9534     0.727   0.01164  0.002657         0
     42/44     2.72G   0.01277  0.002044         0   0.01481        19       640    0.7904    0.9015    0.9479    0.7266   0.01141  0.002768         0
     43/44     2.72G   0.01247  0.001976         0   0.01444        18       640    0.7524     0.931     0.951    0.7332   0.01149  0.002684         0
     44/44     2.72G   0.01264  0.001971         0   0.01462        25       640    0.7887    0.9228    0.9562    0.7322   0.01142  0.002715         0
