       0/9     2.26G   0.07632   0.01079         0   0.08711        14       640    0.8474     0.672    0.7927    0.3961   0.02996  0.009476         0
       1/9     2.26G   0.04308  0.007004         0   0.05008        17       640    0.6517    0.9227    0.8921     0.498   0.02491  0.006595         0
       2/9     2.26G   0.03731  0.005226         0   0.04254        23       640    0.6213    0.9363    0.9044    0.5086   0.02589   0.00497         0
       3/9     2.26G    0.0311  0.004459         0   0.03556        22       640    0.6916    0.9658    0.9377    0.6016   0.02269  0.004621         0
       4/9     2.26G   0.02828   0.00393         0   0.03221        21       640    0.6754    0.9658    0.9447    0.5872   0.02044  0.004133         0
       5/9     2.26G   0.02482  0.003621         0   0.02844        17       640    0.7158    0.9799    0.9533    0.6503   0.01831  0.003735         0
       6/9     2.26G   0.02216  0.003321         0   0.02548        21       640    0.7337    0.9699    0.9509    0.6752   0.01739  0.003607         0
       7/9     2.26G   0.02025  0.003094         0   0.02334        22       640    0.7091    0.9817    0.9564    0.6901     0.017  0.003457         0
       8/9     2.26G   0.01879  0.002981         0   0.02177        21       640    0.7584    0.9829    0.9588    0.7048   0.01509  0.003246         0
       9/9     2.26G   0.01818   0.00287         0   0.02105        33       640    0.7542    0.9858    0.9601    0.6965   0.01525  0.003304         0
